**** Calibrating ****
mono pinhole calibration...
D = [0.09746823621749809, -0.16606566814674306, 0.0023107566765702484, -0.00158177450261397, 0.0]
K = [754.5450703800535, 0.0, 639.2660495231535, 0.0, 749.763118714995, 354.7563361988964, 0.0, 0.0, 1.0]
R = [1.0, 0.0, 0.0, 0.0, 1.0, 0.0, 0.0, 0.0, 1.0]
P = [738.6470336914062, 0.0, 635.0595158557226, 0.0, 0.0, 759.8851928710938, 355.5141215849253, 0.0, 0.0, 0.0, 1.0, 0.0]
None
# oST version 5.0 parameters


[image]

width
1280

height
720

[narrow_stereo]

camera matrix
754.545070 0.000000 639.266050
0.000000 749.763119 354.756336
0.000000 0.000000 1.000000

distortion
0.097468 -0.166066 0.002311 -0.001582 0.000000

rectification
1.000000 0.000000 0.000000
0.000000 1.000000 0.000000
0.000000 0.000000 1.000000

projection
738.647034 0.000000 635.059516 0.000000
0.000000 759.885193 355.514122 0.000000
0.000000 0.000000 1.000000 0.000000

('Wrote calibration data to', '/tmp/calibrationdata.tar.gz')
