/dev/v4l/by-id/usb-046d_Logitech_BRIO_9B0FC657-video-index0

mono pinhole calibration...
D = [0.07862429479493793, -0.14696728303976578, -0.0003456189705038576, -0.00024450661230886726, 0.0]
K = [761.9593971685929, 0.0, 638.5181519509298, 0.0, 756.4168643978915, 368.464644239833, 0.0, 0.0, 1.0]
R = [1.0, 0.0, 0.0, 0.0, 1.0, 0.0, 0.0, 0.0, 1.0]
P = [744.6325073242188, 0.0, 637.109925168992, 0.0, 0.0, 763.389892578125, 367.7647957951922, 0.0, 0.0, 0.0, 1.0, 0.0]
None
# oST version 5.0 parameters


[image]

width
1280

height
720

[narrow_stereo]

camera matrix
761.959397 0.000000 638.518152
0.000000 756.416864 368.464644
0.000000 0.000000 1.000000

distortion
0.078624 -0.146967 -0.000346 -0.000245 0.000000

rectification
1.000000 0.000000 0.000000
0.000000 1.000000 0.000000
0.000000 0.000000 1.000000

projection
744.632507 0.000000 637.109925 0.000000
0.000000 763.389893 367.764796 0.000000
0.000000 0.000000 1.000000 0.000000

('Wrote calibration data to', '/tmp/calibrationdata.tar.gz')
D = [0.07862429479493793, -0.14696728303976578, -0.0003456189705038576, -0.00024450661230886726, 0.0]
K = [761.9593971685929, 0.0, 638.5181519509298, 0.0, 756.4168643978915, 368.464644239833, 0.0, 0.0, 1.0]
R = [1.0, 0.0, 0.0, 0.0, 1.0, 0.0, 0.0, 0.0, 1.0]
P = [744.6325073242188, 0.0, 637.109925168992, 0.0, 0.0, 763.389892578125, 367.7647957951922, 0.0, 0.0, 0.0, 1.0, 0.0]
# oST version 5.0 parameters


[image]

width
1280

height
720

[narrow_stereo]

camera matrix
761.959397 0.000000 638.518152
0.000000 756.416864 368.464644
0.000000 0.000000 1.000000

distortion
0.078624 -0.146967 -0.000346 -0.000245 0.000000

rectification
1.000000 0.000000 0.000000
0.000000 1.000000 0.000000
0.000000 0.000000 1.000000

projection
744.632507 0.000000 637.109925 0.000000
0.000000 763.389893 367.764796 0.000000
0.000000 0.000000 1.000000 0.000000
